50108
72951
72951
72951
72951
303762
1078408
31822
134422
171000
31822
52379
72951
1124089
272398
184302
31822
50108
14934
50108
50108
52379
50108
50108
31822
470086
1420133
50108
121181
50108
72951
303762
72951
1117303
274331
31822
121181
494609
50108
2667282
50108
1134193
31822
72951
121181
72951
52379
320462
494609
14934
1678760
14934
1667565
1219767
50108
72951
1613260
205950
50108
589040
171448
72951
50108
31822
50108
252359
50108
494609
208328
704665
31822
252359
52379
171000
50108
366911
1055537
52379
1412655
692270
50108
50108
1102421
72951
940884
140492
135762
704665
72951
220449
72951
171448
208328
31822
480989
50108
2688613
3185794
470086
72951
274331
196887
121181
121181
134422
31822
4492105
340662
350051
470086
50108
1420133
470086
760515
1102421
202550
196887
171000
50108
52379
50108
470086
303762
52379
50108
494609
50108
50108
72951
52379
366911
1102421
196887
220449
940884
171000
1117303
72951
121181
12653285
350051
31822
134422
50108
171000
470086
52379
50108
987074
50108
184302
140492
50108
50108
72951
52379
134422
143348
72951
50108
196887
50108
50108
1725546
50108
237977
134422
184302
320462
50108
494609
171000
72951
121181
770912
366911
642980
1055537
303762
121181
470086
143348
50108
978049
320462
237977
1027035
50108
1430118
366911
72951
72951
50108
72951
50108
134422
52379
121181
140492
252359
14934
6875702
50108
121181
320462
31822
50108
72951
1137916
52379
184302
50108
554588
31822
4228620
3285509
121181
50108
1219767
3064845
252359
50108
50108
143348
205950
31822
31822
72951
340662
303762
1725321
969961
320462
1467061
134422
237977
143348
140492
760515
196887
31822
3185794
274331
494609
50108
140492
140492
72951
4554527
1774562
121181
237977
340662
3220262
14934
237977
143348
50108
208190
209693
171448
978049
642980
121181
1492800
31822
220449
52379
2688613
72951
109211961
143348
274331
143348
889685
812242
72951
72951
50108
50108
50108
50108
135762
642980
196887
936959
366911
1102421
259633
184302
72951
52379
1319065
50108
208190
134422
470086
52379
72951
1638917
252359
1325822
10855789
272398
220449
50108
52379
134422
171448
184302
340662
340662
1412655
987074
171448
340662
320462
72951
52379
171000
1287841
252359
72951
1287841
196887
1774562
350051
52379
366911
171000
52379
340662
50108
50108
72951
1102421
50108
72951
72951
259633
1102421
252359
922108
1575714
303762
252359
31822
135762
184302
259633
140492
272398
220449
50108
50108
31822
1102421
274331
72951
143348
52379
143348
50108
50108
134422
50108
470086
52379
205950
121181
494609
256178
196887
72951
1341088
72951
121181
50108
208190
14934
50108
274331
494609
320462
50108
72951
2901113
31822
72951
134422
202550
3671291
50108
171000
50108
72951
50108
5455726
11502649
50108
259633
50108
31822
50108
134422
2659563
143348
72951
237977
50108
134422
205950
50108
50108
121181
171000
50108
50108
134422
50108
220025
196887
366911
14934
50108
1359533
2901113
72951
171000
692270
72951
52379
14934
1055537
220449
72951
72951
50108
72951
121181
589040
171000
50108
72951
1325822
333134
72951
171000
969961
2260191
340662
692270
340662
72951
987074
134422
72951
72951
50108
72951
72951
208190
252359
140492
121181
2697461
209693
340662
72951
31822
17338889
494609
72951
121181
72951
50108
184302
31822
52379
196887
52379
470086
121181
50108
31822
134422
72951
470086
589040
412989
4276651
3218514
72951
121181
31822
50108
274331
72951
50108
52379
72951
259633
2750030
72951
1192540
72951
50108
50108
303762
31822
134422
52379
1743533
770912
1287841
14934
366911
237977
121181
1102421
252359
202550
171000
196887
50108
969961
252359
770912
121181
4837882
1134193
121181
50108
14934
143348
4838146
52379
205950
1638917
50108
134422
366911
134422
3378030
140492
171000
770912
202550
6941409
14934
72951
31822
121181
376714
50108
692270
31822
50108
184302
1574521
208190
140492
585497
52379
220449
376714
50108
121181
7196371
143348
50108
1102421
72951
785581
208190
50108
470086
303762
350051
72951
121181
171448
1137916
50108
220449
134422
72951
340662
52379
1375202
121181
52379
1420133
50108
940884
196887
940884
171000
14934
202550
1319065
72951
143348
252359
52379
50108
196887
2916077
1550640
72951
220449
72951
184302
252359
50108
1638917
72951
134422
134422
350051
72951
72951
184302
72951
121181
50108
303762
31822
5443378
50108
31822
50108
72951
196887
121181
72951
50108
31822
134422
52379
259633
14934
50108
31822
785581
31822
72951
140492
50108
50108
50108
134422
72951
31822
72951
134422
589040
31822
50108
52379
72951
72951
50108
72951
14934
237977
134422
143348
252359
143348
772922
2001864
72951
350051
72951
470086
72951
72951
350051
196887
772267
50108
1134193
31822
72951
72951
50108
52379
478584
987074
50108
770912
31822
14934
50108
196887
72951
320462
8202142
31822
237977
72951
171000
31822
320462
772267
3857797
52379
72951
987074
171000
770912
52379
50108
72951
134422
252359
320462
50108
50108
72951
145206528
818643
143348
220449
220449
31822
936959
31822
50108
72951
3512963
50108
340662
366911
31822
52379
72951
72951
52379
134422
470086
609345
72951
220449
171448
50108
184302
50108
1359533
171448
50108
252359
50108
50108
143348
72951
184302
9245433
1134193
52379
72951
184302
196887
940884
121181
366911
3057285
50108
143348
50108
72951
184302
52379
134422
50108
333134
274331
134422
1613260
208190
237977
52379
121181
2692233
171000
50108
50108
72951
50108
121181
350051
72951
31822
209693
320462
50108
134422
470086
14934
171000
333134
366911
134422
50108
121181
171000
2667282
1476779
134422
609345
50108
196887
140492
50108
14934
605392
340662
1027035
184302
143348
72951
340662
1134193
350051
121181
196887
220025
202550
171448
50108
259633
140492
121181
785581
1117303
72951
50108
50108
8647259
272398
171000
1137916
134422
1678760
121181
1339365
135762
2996382
134422
1667565
72951
507246
72951
134422
366911
72951
350051
72951
50108
134422
50108
350051
31822
72951
208190
31822
72951
2667282
49663435
272398
50108
31822
31822
31822
922108
140492
1098152
50108
121181
50108
50108
140492
50108
72951
237977
72951
785581
1467061
50108
259633
134422
1287841
12292581
72951
259633
31822
50108
1822225
340662
72951
272398
52379
134422
367849
704665
50108
50108
171448
72951
121181
605392
143348
121181
50108
31822
760515
31822
72951
259633
50108
72951
272398
72951
31822
252359
143348
1117303
72951
259633
72951
303762
303762
134422
52379
140492
31822
1027035
494609
52379
50108
72951
50108
2174920
50108
209693
3242202
50108
143348
320462
72951
171000
31822
72951
252359
205950
50108
50108
72951
1117303
350051
3599205
52379
494609
50108
320462
50108
196887
121181
320462
350051
52379
470086
171000
50108
72951
184302
72951
320462
31822
72951
14934
143348
72951
367849
121181
50108
52379
72951
50108
272398
350051
220449
52379
494609
72951
208190
134422
171000
50108
340662
470086
202550
987074
259633
202550
1891483
52379
259633
72951
50108
121181
184302
143348
50108
50108
470086
1325822
31822
171000
72951
50108
121181
31822
121181
252359
609345
50108
134422
1098152
72951
1667565
72951
861448
50108
72951
31822
72951
1359533
22164204
121181
134422
340662
50108
134422
31822
350051
589040
208328
51288621
72951
135762
589040
1339365
72951
50108
470086
5863644
1616202
72951
367849
478584
52379
121181
340662
1117303
134422
72951
121181
494609
134422
52379
52379
121181
184302
143348
31822
52379
31822
140492
52379
196887
350051
350051
134422
72951
143348
320462
140492
50108
259633
209693
72951
72951
772922
143348
134422
52379
5178162
171000
171000
1272552
184302
134422
50108
50108
320462
31822
50108
143348
140492
52379
50108
134422
50108
340662
1822225
52379
196887
50108
1436769
470086
320462
764196
72951
1272552
53412857
252359
50108
50108
50108
861448
72951
72951
50108
350051
72951
303762
3605330
208190
209693
1287841
1725321
72951
50108
220025
237977
52379
50108
134422
1078408
1375202
72951
50108
366911
50108
220025
589040
1124089
171000
72951
72951
171000
470086
171000
50108
72951
72951
8594635
220449
494609
202550
72951
31822
237977
202550
642980
987074
14934
50108
4818005
52379
121181
52379
52379
252359
134422
50108
478584
470086
31822
50108
72951
14934
220449
72951
252359
50108
208190
861448
72951
52379
72951
1467061
274331
366911
1682051
72951
72951
303762
72951
50108
52379
72951
50108
252359
171000
50108
140492
1102421
31822
72951
50108
121181
202550
72951
1027011
52379
1100596
7771074
134422
1098152
32296080
72951
237977
50108
121181
861448
121181
31822
52379
21457707
50108
50108
72951
72951
50108
202550
52379
50108
1100596
52379
143348
40693434
72951
184302
134422
50108
184302
196887
72951
184302
171000
50108
184302
134422
50108
52379
50108
940884
50108
507246
9815658
171000
171448
72951
350051
50108
52379
1117303
220449
1659441
997773
6258455
50108
184302
589040
121181
31822
171448
171000
50108
171000
208328
52379
10887567
1102421
134422
50108
252359
1436769
16326597
134422
31822
252359
72951
987074
470086
72951
31822
31822
274331
274331
72951
208328
220025
220449
350051
202550
31822
31822
72951
72951
52379
1279849
350051
196887
31822
121181
31822
136696085
143348
121181
52379
303762
494609
72951
303762
8817744
31822
209693
52379
252359
9963814
1819734
50108
470086
184302
50108
494609
366911
237977
52379
350051
50108
72951
922108
252359
31822
72951
609345
50108
340662
134422
72951
121181
50108
6382228
31822
303762
52379
134422
1134193
72951
31822
969961
50108
1287841
134422
31822
52379
274331
470086
171000
237977
642980
340662
252359
196887
72951
41576292
72951
52379
50108
50108
143348
274331
1359533
494609
134422
72951
72951
14934
470086
52379
31822
333134
889685
340662
72951
785581
50108
184302
52379
609345
1137916
143348
272398
350051
31822
478584
143348
184302
134422
494609
1359533
50108
171000
52379
72951
14934
121181
52379
121181
1287841
72951
72951
1134193
72951
642980
31822
50108
34077604
50108
1174310
7112483
52379
52379
14934
50108
1659342
532252
31822
31822
1027035
72951
350051
121181
134422
31822
470086
252359
7337346
252359
52379
50108
50108
366911
52379
220449
303762
31822
50108
31822
121181
184302
50108
470086
52379
987074
72951
494609
171000
52379
2739898
143348
50108
50108
134422
50108
171000
3286137
72951
52379
184302
72951
72951
171000
72951
52379
135762
50108
1657243
184302
50108
52379
340662
72951
31822
72951
208190
31822
5646489
72951
72951
140492
1436769
220449
1575714
50108
72951
494609
589040
3496278
196887
52379
50108
208190
350051
237977
50108
52379
50108
31822
272398
184302
121181
39993594
171000
50108
72951
184302
143348
220025
50108
470086
196887
1613260
52379
72951
72951
470086
171000
72951
50108
1174310
184302
171000
72951
50108
134422
320462
1359533
52379
72951
121181
72951
72951
52379
50108
143348
1891483
196887
72951
196887
52379
121181
50108
50108
52379
72951
171000
171000
72951
52379
31822
72951
202550
140492
72951
134422
31822
494609
478584
1375202
121181
52379
72951
50108
31822
1279849
1325822
140492
818643
196887
494609
31822
171448
50108
171000
171000
72951
303762
202550
202550
72951
134422
52379
259633
205950
50108
72951
220449
252359
50108
2503183
760515
376714
134422
320462
2039701
171000
50108
52379
1137916
1638917
208190
237977
72951
31822
237977
143348
1102421
1102421
10551694
3175674
31822
31822
50108
1682051
50108
171000
785581
1134193
50108
31822
202550
1361666
134422
50108
134422
220025
208190
1513356
366911
52379
121181
202550
1725546
143348
50108
143348
72951
171000
184302
184302
140492
760515
52379
1716188
208190
237977
50108
50108
72951
72951
14934
760515
2253376
31822
50108
1494537
52379
31822
50108
50108
121181
470086
50108
889685
494609
121181
134422
50108
589040
143348
72951
274331
320462
1102421
143348
642980
50108
72951
303762
3802759
760515
52379
50108
237977
350051
202550
252359
72951
196887
72951
31822
171000
52379
1137916
209693
3857797
171448
184302
16090043
220025
252359
252359
72951
237977
320462
1513356
303762
259633
72951
303762
605392
171000
1543333
52379
52379
50108
140492
31822
237977
589040
50108
208328
478584
134422
1102421
1725546
140492
303762
50108
366911
143348
50108
72951
1638917
31822
72951
50108
252359
350051
140492
50108
171000
52379
52379
72951
171000
184302
554588
72951
52379
252359
50108
532252
52379
259633
642980
1174310
366911
237977
862082
52379
50108
184302
50108
50108
143348
220025
143348
50108
208328
72951
72951
252359
208190
184302
72951
31822
31822
134422
50108
252359
320462
72951
252359
214175
50108
50108
72951
72951
14011662
31822
72951
818643
196887
303762
252359
31822
1725321
1492800
50108
554588
72951
72951
252359
52379
303762
1117303
134422
89117175
303762
134422
922108
143348
237977
220449
72951
589040
50108
134422
52379
50108
252359
1420133
72951
50108
237977
14934
50108
4818005
50108
50108
50108
320462
171000
220025
72951
220449
184302
31822
350051
50108
609345
134422
140492
1341088
50108
50108
50108
692270
52379
252359
31822
72951
507246
259633
770912
272398
140492
237977
320462
143348
50108
1443456
1492800
72951
143348
134422
1678760
252359
50108
135762
764196
50108
340662
50108
987074
171000
171000
50108
202550
2409949
52379
184302
208190
52379
31822
320462
171000
184302
52379
31822
50108
2244753
3971351
196887
220449
1575714
171000
252359
72951
50108
1467061
52379
470086
143348
14934
2244753
220449
1325822
134422
1063309
50108
171000
140492
1341088
31822
237977
50108
50108
50108
2039701
72951
140492
220025
72951
196887
1467061
72951
340662
72951
202550
1027011
121181
579545
220449
252359
184302
50108
72951
52379
50108
470086
140492
202550
31822
50108
340662
52379
1617450
50108
50108
333134
52379
412989
340662
812242
31822
50108
184302
303762
72951
72951
209693
72951
121181
72951
237977
208328
14934
50108
861448
50108
50108
50108
31822
1749895
772267
252359
36900742
50108
936959
760515
50108
3285509
72951
1117303
14934
171000
2667282
72951
52379
134422
50108
31822
50108
259633
237977
50108
320462
1774562
1575714
333134
143348
704665
72951
202550
52379
1375202
72951
2659563
252359
50108
252359
14934
171000
72951
14934
121181
121181
171000
134422
1287841
134422
31822
171000
134422
171000
1325822
3405358
52379
366911
184302
272398
50108
72951
50108
140492
259633
208190
350051
1102421
303762
303762
184302
220449
50108
31822
50108
50108
72951
50108
140492
184302
274331
1575714
171000
121181
214175
134422
50108
184302
31822
220449
121181
31822
14934
208328
209693
220025
1774562
1506731
256178
1055537
50108
209693
237977
52379
1100596
1506731
14934
140492
184302
72951
31822
31822
72951
11138277
72951
72951
1667565
72951
52379
52379
50108
303762
135762
770912
143348
320462
6468133
50108
4450794
50108
184302
72951
209693
1102421
72951
220025
72951
1325822
1375202
362524
272398
8471882
50108
72951
31822
7827367
494609
237977
4554527
52379
237977
31822
50108
72951
72951
134422
31822
52379
134422
72951
134422
72951
303762
376714
1467061
50108
609345
303762
72951
72951
171000
208328
196887
2014717
50108
202550
134422
50108
72951
350051
121181
1467061
259633
52379
143348
72951
31822
171000
72951
1822225
52379
220449
1513356
14934
52379
121181
366911
7723745
72951
52379
196887
889685
72951
528567
50108
1732324
303762
72951
121181
220449
692270
50108
50108
50108
31822
134422
585497
320462
72951
987074
237977
184302
14934
196887
303762
818643
52379
121181
50108
52379
31822
184302
208190
320462
72951
72951
252359
121181
184302
72951
72951
1574521
134422
31822
478584
50108
259633
196887
171000
478584
121181
2697461
72951
478584
50108
340662
143348
1667565
554588
50108
121181
72951
259633
3599205
220449
72951
987074
4098746
1117303
52379
184302
470086
52379
31822
121181
274331
1219767
31822
72951
171000
274331
259633
184302
196887
171000
320462
121181
554588
72951
220449
52379
50108
1555081
554588
50108
50108
1219767
31822
589040
134422
184302
50108
184302
1467061
220025
1436769
1124089
184302
72951
134422
14934
470086
72951
140492
579545
936959
2396022
470086
366911
50108
121181
72951
52379
50108
772922
171448
1174310
196887
202550
52379
1554940
303762
50108
72951
121181
50108
31822
50108
72951
202550
50108
52379
1102421
134422
303762
205950
470086
50108
184302
72951
50108
208190
72951
50108
350051
72951
202550
143348
50108
1339365
340662
220025
220025
303762
31822
184302
50108
171000
532252
140492
134422
72951
72951
15316134
171000
52379
209693
50108
171000
134422
171000
220449
50108
134422
3273051
184302
4281961
196887
121181
470086
72951
36704740
72951
134422
259633
760515
121181
72951
134422
494609
50108
135762
171448
259633
4610260
121181
202550
50108
171000
24115557
2409949
52379
72951
52379
121181
121181
134422
50108
252359
52379
143348
1574521
1013085
72951
303762
2956284
134422
320462
1134193
15176264
52379
764196
143348
171000
52379
121181
143348
31822
50108
764196
50108
50108
72951
31822
50108
72951
52379
31822
72951
1102421
72951
31822
333134
3512963
31822
72951
31822
184302
303762
72951
1767322
340662
121181
72951
140492
50108
52379
171000
642980
31822
72951
121181
350051
50108
134422
252359
72951
121181
1359533
31822
770912
554588
1420133
2847918
50108
52379
50108
1743533
52379
274331
31822
366911
72951
17324703
252359
861448
208190
52379
52379
31822
252359
121181
171000
72951
31822
202550
366911
121181
320462
31822
208190
50108
31822
50108
1359533
171000
1359533
50108
1491872
1134193
14934
134422
171000
184302
72951
272398
1102421
50108
50108
9387157
208328
184302
1124089
209693
184302
134422
237977
72951
1359533
8590126
72951
589040
52379
72951
134422
889685
121181
259633
220449
50108
72951
220449
52379
171000
259633
252359
6738903
692270
143348
72951
320462
31822
50108
214175
121181
252359
52379
134422
936959
940884
31822
171448
208190
15001074
52379
143348
272398
31822
861448
1819734
1078408
50108
31822
72951
31822
72951
9181275
202550
196887
785581
2703399
171000
72951
333134
171000
143348
143348
72951
1287841
1420133
72951
52379
366911
52379
470086
50108
50108
350051
72951
1134193
121181
31822
52379
50108
50108
14557262
121181
1134193
366911
470086
2611765
2997402
52379
196887
196887
50108
770912
50108
589040
31822
171000
72951
272398
1102421
50108
10584443
72951
50108
3857797
50108
50108
50108
143348
184302
50108
134422
50108
121181
31822
31822
171000
31822
1359533
22089495
470086
256178
50108
340662
72951
1098152
936959
1975070
350051
1174310
171000
3057285
31822
31822
50108
31822
1137916
2916077
320462
72951
31822
252359
50108
50108
171000
50108
1494537
252359
50108
72951
50108
52379
134422
171000
196887
72951
184302
72951
478584
205950
470086
72951
1725321
494609
72951
1055537
589040
692270
50108
366911
171000
14934
320462
52379
208190
1443456
7674012
1117303
50108
1375202
72951
171000
507246
50108
50108
52379
72951
196887
760515
121181
27007777
171000
31822
1049381
121181
2956284
134422
143348
1513356
134422
470086
31822
72951
31822
704665
121181
14934
50108
272398
31822
987074
52379
196887
171000
208328
72951
72951
72951
50108
50108
366911
50108
50108
72951
50108
1325822
14934
50108
6743824
72951
969961
14934
1443456
1730333
14934
50108
52379
1134193
171000
72951
2039701
121181
72951
52379
171000
589040
134422
72951
29278494
31822
50108
50108
303762
50108
10688250
72951
52379
52379
50108
320462
5815255
220449
72951
252359
237977
171000
72951
50108
50108
50108
72951
50108
366911
72951
52379
2260191
134422
350051
3242202
366911
31822
760515
17801642
320462
72951
134422
202550
134422
52379
2956284
8017771
470086
72951
72951
31822
50108
50108
259633
18033665
252359
52379
50108
72951
72951
72951
220449
52379
72951
171448
72951
940884
50108
252359
134422
46454121
52379
252359
50108
72951
220449
134422
2667282
171000
50108
2335586
818643
140492
72951
209693
50108
50108
72951
72951
50108
3175674
171000
121181
121181
171000
987074
1134193
770912
134422
184302
52379
208190
1325822
320462
50108
13627761
72951
50108
134422
196887
134422
72951
50108
51928311
470086
50108
72951
134422
72951
2268192
143348
50108
72951
196887
72951
692270
140492
50108
50108
1749895
184302
52379
31822
52379
31822
7674012
272398
760515
50108
31822
31822
121181
259633
72951
31822
50108
31822
50108
140492
50108
50108
50108
50108
72951
1174310
237977
274331
50108
31822
143348
303762
208190
50108
184302
1124089
143348
1574521
72951
72951
31822
209693
31822
25871196
72951
52379
861448
1055537
760515
72951
171000
52379
10276401
184302
52379
14934
969961
140492
121181
272398
252359
50108
143348
121181
1124089
940884
320462
1279849
220449
220449
27608264
692270
478584
50108
5084612
121181
6064430
1117303
220449
184302
143348
202550
72951
134422
1102421
214175
50108
252359
50108
366911
121181
1102421
52379
350051
1841109
184302
50108
202550
31822
50108
50108
50108
134422
121181
121181
52379
30787709
52379
209693
494609
31822
121181
1102421
202550
31822
72951
52379
72951
2667282
1819734
50108
209693
72951
50108
1430118
52379
412989
350051
14934
121181
367849
31822
72951
303762
121181
171000
52379
143348
5930745
72951
184302
470086
72951
209693
205950
121181
121181
237977
320462
209693
72951
72951
143348
14934
121181
252359
605392
52379
1174310
31822
31822
72951
1667565
2934154
320462
366911
171448
50108
72951
1513356
202550
52379
52379
1359533
50108
134422
31822
121181
1245074
171448
1174310
72951
72951
1137916
320462
72951
134422
50108
50108
237977
50108
50108
52379
134422
350051
72951
196887
1359533
121181
72951
171448
134422
31822
196887
1055537
259633
1513356
50108
50108
50108
50108
202550
3890344
31822
72951
121181
208190
134422
134422
272398
214175
52379
31822
470086
143348
184302
50108
31822
31822
72951
208328
143348
208190
252359
52379
52379
31822
50108
50108
31822
274331
303762
50108
72951
50108
121181
140492
143348
72951
274331
72951
340662
2335586
50108
1743533
31822
171000
1678760
50108
171448
303762
140492
642980
171448
72951
72951
72951
7164114
366911
134422
1484050
52379
1102421
50108
143348
1492800
52379
134422
50108
31822
72951
987074
252359
72951
134422
1905900
31822
303762
31822
50108
140492
50108
143348
50108
31822
50108
434043
470086
196887
31822
220449
50108
208190
50108
134422
52379
72951
72951
121181
2979313
72951
134422
72951
31822
507246
237977
72951
50108
52379
50108
52379
171000
340662
72951
772267
50108
470086
50108
134422
208190
1174310
987074
72951
605392
121181
209693
52379
134422
1891483
31822
50108
72951
140492
196887
252359
50108
31822
274331
134422
72951
134422
135762
72951
1866374
143348
3220262
140492
1174310
3489958
72951
237977
121181
50108
184302
340662
376714
2244753
366911
31822
2274301
184302
72951
143348
259042874
134422
272398
50108
14934
2392871
121181
237977
1638917
121181
50108
14934
770912
31822
31822
72951
72951
303762
72951
184302
2905230
50108
589040
121181
340662
72951
1667565
52379
72951
303762
121181
2815783
72951
14934
121181
605392
134422
72951
184302
72951
184302
50108
52379
52379
1124089
252359
171448
1771299
31822
72951
171000
50108
14934
50108
50108
171448
220449
121181
121181
196887
50108
140492
72951
1732337
208328
72951
143348
303762
31822
184302
1102421
5291006
184302
31822
3752496
72951
589040
274331
121181
184302
350051
140492
208190
340662
50108
50108
366911
52379
31822
134422
589040
772922
3493221
134422
171000
2174920
52379
72951
72951
140492
121181
252359
121181
1219767
72951
350051
50108
52379
50108
72951
171000
72951
1137916
50108
50108
134422
196887
140492
1063309
208328
50108
52379
134422
1412655
72951
259633
3038344
72951
259633
272398
134422
52379
134422
52379
72951
772267
997773
50108
121181
202550
50108
31822
1124089
259633
72951
72951
171448
50108
31822
31822
589040
184302
121181
259633
134422
121181
14934
259633
196887
1102421
320462
340662
31822
1341088
72951
494609
121181
140492
274331
50108
52379
121181
50108
143348
366911
50108
171000
72951
494609
50108
202550
50108
987074
121181
303762
31822
1513356
72951
72951
2848913
367849
134422
72951
52379
272398
72951
143348
340662
470086
31822
1467061
171000
72951
50108
764196
350051
50108
72951
52379
72951
50108
237977
366911
3737356
303762
184302
50108
72951
220025
171000
50108
50108
121181
72951
171448
171448
2659563
889685
31822
171000
72951
72951
50108
320462
31822
350051
50108
50108
2750030
605392
1678734
143348
134422
184302
140492
196887
52379
1102421
470086
237977
25469615
8035274
72951
72951
121181
1678734
14934
52379
272398
507246
121181
50108
72951
50108
1027035
1134193
134422
1339365
237977
320462
237977
31822
31822
52379
121181
72951
121181
2901113
1678760
209693
50108
52379
818643
121181
1891483
72951
72951
72951
31822
760515
252359
50108
121181
333134
14934
72951
50108
303762
1134193
50108
184302
1134193
196887
50108
14934
171000
1287841
52379
134422
50108
121181
52379
252359
3242202
50108
72951
50108
237977
52379
52379
2274301
135762
50108
50108
50108
1767322
14934
350051
50108
494609
208190
214175
1467061
1467061
642980
50108
72951
320462
303762
121181
72951
171448
50108
478584
143348
121181
72951
196887
50108
274331
1682051
31822
31822
202550
237977
52379
72951
184302
259633
50108
252359
208190
14934
2867663
2611765
52379
470086
121181
143348
31822
14934
52379
205950
220449
303762
72951
72951
5646489
72951
72951
3512089
303762
140492
1725546
220449
5545360
470086
184302
50108
134422
412989
143348
72951
50108
470086
72951
72951
31822
274331
18596113
50108
72951
2457856
134422
121181
121181
366911
121181
31822
50108
143348
478584
642980
52379
72951
52379
134422
171000
171000
50108
134422
134422
196887
31822
2977344
470086
50108
470086
208190
1102421
3405358
72951
50108
50108
121181
50108
320462
1575714
134422
121181
72951
72951
72951
1339365
50108
31822
72951
184302
31822
121181
72951
121181
5178162
272398
50108
50108
1467061
196887
214175
259633
121181
50108
31822
171448
1102421
1117303
134422
350051
362524
72951
52379
50108
72951
1891483
72951
31822
208328
52379
589040
50108
412989
72951
470086
50108
50108
350051
72951
52379
494609
1743533
50108
642980
1430118
52379
52379
34644633
171000
72951
121181
72951
52379
50108
969961
184302
3749062
121181
252359
494609
72951
31822
252359
72951
2237253
50108
494609
171000
31822
272398
366911
366911
61244832
134422
1102421
470086
184302
52379
52379
1339365
1102421
2667282
52379
6447960
366911
50108
50108
171000
52379
184302
812242
72951
72951
50108
470086
31822
4435016
72951
52379
31822
121181
140492
50108
72951
72951
184302
237977
252359
121181
31822
50108
6082674
72951
1102421
196887
2739898
50108
202550
31822
320462
31822
50108
252359
1774562
140492
72951
367849
50108
31822
121181
50108
259633
50108
31822
72951
121181
72951
135762
31822
3245780
143348
171000
50108
50108
72951
171000
72951
50108
259633
609345
72951
2635314
50108
1325822
470086
31822
350051
72951
642980
72951
184302
202550
72951
72951
52379
184302
31822
969961
303762
1960162
31822
72951
171000
50108
1638917
134422
52379
50108
196887
10995071
3547154
50108
31822
5680614
1430118
50108
50108
494609
134422
589040
202550
121181
50108
134422
46782049
52379
143348
72951
494609
1819734
350051
31822
184302
140492
589040
202550
50108
692270
259633
72951
143348
350051
196887
52379
31822
14934
350051
31822
52379
2237253
3983697
494609
134422
589040
2622686
252359
72951
1117303
2934154
72951
889685
72951
50108
470086
143348
208190
303762
1174310
134422
171000
50108
2667282
50108
52379
303762
259633
50108
52379
50108
494609
303762
272398
996097
1174310
350051
31822
785581
1134193
52379
52379
72951
252359
50108
52379
220025
72951
320462
143348
52379
202550
121181
50108
50108
72951
184302
184302
72951
609345
1287841
196887
72951
969961
143348
252359
143348
50108
52379
143348
2335586
72951
3259085
52379
72951
52379
52379
252359
72951
350051
50108
50108
184302
889685
31822
72951
52379
320462
14934
134422
50108
171000
1749895
1272552
220449
44926887
50108
31822
50108
171000
470086
50108
50108
171000
121181
1359533
818643
72951
14934
72951
72951
8257443
220449
220449
72951
589040
184302
303762
50108
50108
52379
72951
134422
1055537
35413990
350051
202550
52379
72951
50108
50108
121181
987074
589040
134422
72951
171448
52379
121181
320462
209693
50108
220449
72951
72951
1638917
274331
1494537
121181
764196
52379
642980
50108
72951
350051
143348
72951
50108
121181
1102421
72951
50108
72951
812242
1102421
208190
1117303
52379
1319065
14934
202550
143348
72951
785581
470086
121181
143348
52379
340662
50108
220449
599512
52379
72951
940884
196887
18081243
303762
1055537
50108
121181
143348
171448
31822
220449
14934
407600
72951
202550
52379
1117303
171000
140492
50108
72951
31822
50108
143348
770912
2659563
72951
52379
470086
470086
171000
987074
9818292
4629046
366911
140492
140492
140492
143348
50108
72951
72951
171000
52379
72951
72951
303762
134422
72951
72951
14934
171000
72951
72951
143348
72951
72951
184302
31822
50108
760515
362524
50108
50108
303762
50108
72951
303762
31822
14934
2039701
72951
121181
2392871
140492
1905900
5178162
50108
72951
1117303
1436769
184302
1174310
208190
987074
252359
134422
72951
72951
14934
72951
72951
72951
252359
196887
692270
50108
366911
50108
196887
11908801
205950
1667565
50108
470086
208190
134422
340662
72951
135762
220449
50108
936959
196887
818643
13813151
987074
50108
303762
72951
50108
1467061
494609
2661780
50108
760515
969961
135762
134422
272398
1659441
554588
171000
1102421
10649154
31822
72951
50108
1494537
259633
208190
196887
208190
31822
8647259
220025
52379
121181
208190
50108
50108
4611203
1513356
72951
134422
2697461
31822
320462
196887
1667565
72951
196887
1137916
72951
72951
1877018
16988716
50108
52379
72951
52379
494609
50108
184302
116283816
12487432
50108
320462
4988073
1055537
52379
31822
31822
72951
184302
31822
134422
770912
52379
72951
52379
50108
303762
72951
1443456
134422
589040
52379
50108
52379
4837882
478584
72951
72951
1359533
31822
52379
184302
72951
922108
259633
764196
184302
171000
196887
1494537
340662
196887
184302
184302
861448
1774562
72951
52379
202550
50108
50108
140492
303762
72951
143348
366911
72951
770912
50108
184302
196887
72951
31822
1819734
143348
171448
50108
50108
14934
50108
14934
259633
50108
50108
50108
202550
251190
208190
220449
1682051
50108
72951
1117303
72951
3259085
52379
333134
121181
72951
4419554
50108
143348
31822
1467061
121181
134422
1436769
50108
52379
72951
50108
50108
2420750
996097
1866374
1279849
969961
72951
1494537
252359
3218514
50108
1325822
72951
237977
52567133
259633
184302
320462
987074
4988073
52379
52379
72951
140492
134422
1117303
50108
50108
72951
4837882
72951
72951
303762
936959
31822
1102421
134422
252359
50108
704665
50108
184302
220025
208190
208328
252359
8647259
202550
605392
143348
208190
72951
220025
52379
303762
1506731
3218514
52379
134422
140492
184302
237977
50108
252359
208190
140492
208190
237977
202550
184302
470086
208328
50108
1638917
50108
1359533
31822
303762
1513356
72951
50108
252359
134422
50108
31822
72951
1325822
143348
134422
72951
996097
121181
1491872
366911
184302
272398
134422
14934
121181
208328
72951
19277618
5674504
50108
52379
1975070
52379
6064430
9376118
50108
140492
1543333
72951
50108
366911
350051
31822
237977
50108
121181
72951
770912
31822
2174920
478584
140492
1667565
818643
340662
72951
259633
52379
50108
143348
2039701
350051
31822
320462
121181
72951
237977
72951
1682051
303762
50108
1055537
31822
208328
72951
202550
256178
50108
1659441
50108
72951
14934
2697461
50108
692270
50108
237977
50108
143348
184302
31822
50108
52379
220449
367849
50108
143348
4429053
50108
52379
2335586
135762
2956284
81173512
31822
1117303
350051
494609
72951
196887
14934
579545
143348
143348
320462
72951
134422
134422
140492
72951
72951
72951
470086
184302
121181
303762
72951
4213120
72951
72951
1287841
220449
589040
140492
2457856
2409949
50108
184302
31822
72951
50108
72951
50108
259633
31822
52379
72951
1098152
1774562
52379
52379
303762
31822
121181
31822
135762
50108
987074
50108
554588
72951
171000
1774562
121181
143348
72951
14934
31822
2457856
50108
259633
72951
785581
52379
140492
50108
31822
6454103
72951
237977
50108
1494537
1359533
220449
72951
143348
196887
52379
31822
72951
50108
72951
3412638
1819734
50108
72951
785581
184302
252359
470086
72951
171000
1055537
72951
2729486
237977
171000
1102421
303762
470086
72951
4709987
72951
121181
50108
140492
72951
31822
50108
50108
205950
861448
52379
72951
72951
72951
50108
303762
208328
184302
52379
50108
171448
5228093
31822
585497
72951
1659441
770912
303762
320462
1325822
50108
350051
52379
50108
143348
31822
14934
31822
50108
31822
52379
196887
1678734
1102421
320462
50108
50108
171000
121181
184302
31822
3034007
50108
72951
50108
31822
50108
31822
143348
52379
134422
31822
72951
121181
353665
3236982
50108
252359
52379
50108
1134193
72951
340662
50108
237977
50108
52379
320462
72951
220449
72951
72951
50108
50108
72951
184302
1877018
143348
31822
987074
50108
72951
50108
1287841
1659441
171000
134422
140492
72951
1102421
143348
143348
50108
72951
1375202
50108
50108
50108
50108
50108
50108
11743234
50108
996097
196887
470086
494609
259633
340662
303762
121181
52379
31822
412989
1325822
72951
50108
50108
31822
470086
1102421
340662
50108
171448
470086
3105632
252359
52379
554588
50108
252359
50108
50108
72951
72951
340662
1117303
72951
208328
134422
121181
52379
259633
72951
143348
303762
642980
303762
50108
220025
52379
134422
52379
2828487
72951
31822
143348
72951
303762
72951
237977
121181
50108
72951
1102421
72951
72951
52379
31822
72951
121181
31822
50108
202550
259633
3599205
52379
350051
202550
605392
50108
121181
72951
272398
121181
50108
72951
785581
121181
184302
50108
121181
589040
220449
366911
52379
320462
366911
202550
72951
134422
72951
50108
50108
140492
50108
237977
50108
171000
1638917
121181
72951
4951514
143348
171000
184302
121181
7504671
50108
50108
184302
72951
209693
52379
50108
72951
252359
760515
202550
209693
818643
303762
72951
252359
72951
50108
52379
72951
303762
1359533
135762
171000
209693
135762
134422
50108
50108
134422
134422
31822
208328
72951
171448
494609
171000
1134193
50108
72951
72951
50108
5130484
5609717
366911
494609
252359
31822
1359533
50108
