40
100000000003
100000000003
100000000003
100000000003
100000000003
100000000003
100000000003
100000000003
100000000003
100000000003
100000000003
100000000003
100000000003
100000000003
100000000003
100000000003
100000000003
100000000003
100000000003
100000000003
100000000003
100000000003
100000000003
100000000003
100000000003
100000000003
100000000003
100000000003
100000000003
100000000003
100000000003
100000000003
100000000003
100000000003
100000000003
100000000003
100000000003
100000000003
100000000003
100000000003
